-2.157960253833639541e+00
1.512643297121569308e+00
-1.808179808413384881e+00
5.752579573422111903e-01
-2.189882621791625628e+00
6.328179192885746707e-01
-5.599106955436705668e-01
1.801900690935338556e+00
-1.587210940166967177e+00
-2.142314231302807848e+00
1.945292986529523205e+00
3.870949844258564365e-01
2.325410897352538697e+00
-6.953451028860402339e-01
4.916120757912717520e-01
2.083152261171479225e+00
6.956215946325677857e-01
1.327666886299498472e+00
2.149172939214289979e+00
1.650243864209722133e+00
-1.765993433049019679e+00
-5.025905552627468742e-01
-1.982550745861269004e+00
1.237769375567751684e+00
2.306888466528520087e+00
2.119039333458585084e+00
-9.586422487379897550e-02
2.194123678432422953e+00
-1.685909120748798173e+00
-4.948790806405067855e-01
-3.812687073814358119e-01
-2.477448195240252726e+00
1.596272336293578231e+00
2.242383855774707335e+00
2.372872754098658721e+00
-1.102570982239122754e+00
1.396903504133049090e+00
7.513760555219051174e-01
9.766417541945798808e-01
3.248750316655935055e-01
-5.152115682480146175e-01
-1.727410787832440064e+00
2.210475098462679533e+00
1.161274550401627081e+00
-2.332427857483497569e+00
-3.979060521416938334e-01
1.094227122435193600e+00
6.759249641052739177e-01
-9.227621703634164563e-01
6.654623995298009076e-01
2.084898619677361786e+00
-2.283800971089399390e+00
-1.166227755399190658e+00
-1.344565104470158534e+00
-1.765330447105764033e+00
4.973215399549690829e-01
-3.612693914607850720e-01
2.412657316777466310e+00
-2.054339914144437174e+00
1.800133447142766130e+00
1.128521598756327959e+00
-1.737017106861813431e+00
-2.375887992778659807e+00
-2.085603409610315317e+00
5.908129318032906419e-01
1.119391187254061837e+00
2.215154923710645818e+00
7.451320063511451819e-01
-1.301892130649046075e+00
-4.741909679400357902e-02
1.462760902281419195e+00
1.499493289304293375e+00
-7.492204128209173364e-01
2.438400747422711845e+00
-4.491624421394752043e-01
-2.244280356998423542e+00
-2.223721543910057274e+00
2.024539565090329951e+00
-2.160752641350153880e+00
-4.640398893308012029e-01
-6.318638342275256781e-01
1.325640460528647147e+00
-7.785169532089042388e-01
2.123635081754345233e+00
-6.236172250671767614e-01
-1.201882003974037438e+00
1.015228162644960630e+00
-4.622647204613156147e-01
1.831307624116027100e+00
-9.995916024371592767e-01
-1.158453510502248651e+00
-2.346754445750486973e+00
-1.565275009929593786e+00
-1.468324052884524278e+00
-1.188926452763943598e+00
1.465104103506966737e+00
1.202504250757899129e+00
2.090904232202610569e+00
-4.825095979512744604e-01
-1.473479498876515414e+00
2.370499876437320630e+00
-2.476591529889552667e+00
-1.421178570279288955e+00
-1.117938615493256904e+00
6.351483734761143030e-01
-2.142660830266421179e+00
1.940643678426345442e+00
1.081870683001072031e+00
-1.426775431431453356e+00
9.468083959965983842e-01
-4.449144290736029017e-01
1.396349005000070864e+00
1.337371379434487695e-01
-3.493099179316661029e-01
1.919580491440262104e+00
-1.283639159044211553e+00
-5.840954684066612668e-01
-1.067965712657347854e+00
1.674143415175336491e+00
4.445358427897200260e-01
5.672096489682754150e-01
1.905190816476793447e+00
1.482220291524192657e+00
2.060140103623600893e+00
1.939594760136841289e+00
8.259291941258128933e-01
8.526751225222811703e-01
-8.680968096919994270e-01
-1.504667488041706580e+00
2.442131725205443082e+00
1.705238197814362699e+00
-4.931158957682152399e-01
9.509360963337798456e-01
-1.914131082480992063e+00
-1.091859679660323490e+00
4.233770669955022603e-01
2.051194940384531762e+00
-1.880727930014066684e+00
-1.562764313217747780e+00
1.643182592036829703e+00
-9.620716154371894424e-01
1.643659935192678390e+00
1.594710474245214504e-01
-1.456085521550987583e+00
3.722692036176922237e-01
2.455200312756421255e+00
2.476783472345126746e+00
1.707753426384316375e+00
-1.685850245713038653e-01
1.556626370391562819e+00
1.315415221718409633e+00
2.220268087377102795e+00
9.852112309981958527e-01
8.317706170030481072e-01
-4.815498550239039055e-01
-1.551391172204560354e+00
7.258121284890811653e-01
1.390499104878626824e+00
-1.023115043405898206e+00
-1.235712567248619109e+00
1.231728670297654871e+00
9.116651212774862234e-01
1.936514905713225154e+00
1.833181389200304601e+00
-1.279527016973002196e+00
-1.554321217804961464e+00
2.239072047380612940e+00
-2.093181334110059577e+00
1.595185173440203830e+00
-1.477746554984846306e+00
-1.521049163928970938e+00
1.706016275057091747e+00
2.094833332882796384e+00
-2.406679659200632759e+00
1.422409343309475993e+00
-1.342791037960872069e+00
1.940206635242242017e+00
1.765171698189960114e-02
-1.637325524250779374e+00
-1.181883581707235953e+00
-1.656696004278753742e+00
-1.306444774463388914e+00
2.349504024438417549e+00
5.978506730108912315e-02
1.494778334765582972e+00
4.271255547212138293e-02
-4.642583902376540284e-02
1.710766473735379378e+00
1.163591019983274411e+00
-2.297327196061971222e+00
-7.730045372406268989e-01
-4.705033933378732769e-02
1.394076948848164577e+00
7.333342995786357177e-01
2.306519522311360593e+00
-1.387891326814741255e+00
9.002517035913404353e-01
-1.497105633252461265e+00
2.157952242674276988e+00
1.126964930033488299e+00
-1.735375984395898241e-01
1.843853933516054866e+00
1.037243607657079458e+00
1.894949565067005626e-01
-1.280313896235992788e+00
1.437411556357991449e+00
-1.022005238111664660e+00
1.166988356980729336e+00
-3.234696798171610155e-01
2.250338231781712661e+00
-4.653884345361841701e-01
2.422742661876097880e+00
-4.982195892134810844e-01
1.377193095947119028e+00
2.426585120586829625e+00
-3.138092824645566381e-01
2.380052518791382798e+00
1.471106965037302095e+00
2.190280322584484907e+00
2.492846961610859502e+00
2.238614067963636156e+00
1.118077889626154064e+00
-6.998532264796231139e-01
2.238625403191980556e+00
2.405111680064609736e+00
-1.291405636771188359e+00
-1.135322980470621523e+00
2.362064068947666851e-01
-2.460454042650981332e+00
7.194354089567173149e-01
-1.534265564012138761e+00
1.589984961731798929e+00
3.981006010596677136e-01
1.254097311654440272e+00
7.907375578143660544e-01
1.434250957589083164e+00
-3.014120754752835918e-01
-1.268083228856276001e+00
-3.246607003340584718e-01
-3.987112947646365146e-02
2.100395390749215663e-01
1.738472349837913988e+00
1.099673491043340778e+00
4.278654635246903482e-01
-4.501652951748352782e-01
2.288691420730319948e+00
9.087976598951730267e-01
-2.407588482901064530e+00
-1.158472436762127966e+00
6.061940553162620260e-01
2.219285604428970604e+00
7.805949704409870238e-01
1.107689946170741235e+00
-1.686175452736566438e+00
2.344018673781457895e+00
6.849316268697447363e-02
2.867803068508500974e-01
-3.773777017539675649e-01
-1.954627882421199336e+00
-2.389583012175964249e+00
2.274596119554828100e-01
-1.145079638128649879e+00
-1.781368869988125825e+00
-1.497320373834610807e+00
-1.127741477088104016e+00
1.849393955836764469e+00
2.068498705073607002e-01
-1.533366838475854088e+00
5.995930971338003790e-01
-1.586468875695767888e+00
1.041747812531618189e+00
-2.041826815390473948e-01
-2.384223605012514735e+00
2.476029019824057098e+00
1.984534759563434392e+00
8.863906987699354811e-01
8.289553106954017370e-01
-2.202204739870133876e-01
-9.367275468457947341e-02
2.387524408700694156e+00
9.397665309246383547e-01
1.175170589619942252e+00
-2.289535664851038987e-01
6.472484519980559181e-01
-1.876801106095933314e+00
2.318992320555657294e-02
2.082567041701071986e+00
1.066132621053217377e+00
2.054866407434305486e+00
-6.991523393736853720e-01
-6.691233766423670959e-01
-1.754505945160765856e+00
1.197175228369082856e+00
1.530370340138011986e+00
2.212311046953065130e+00
-9.616629896205280970e-01
-1.188097674717174090e+00
-5.415735789809877909e-01
1.777257680579107824e+00
2.005459635925249007e+00
-4.309935645628404366e-01
-2.210629945651108486e+00
1.475131975937957751e+00
-1.629599917556939781e+00
-2.654783479954381242e-01
6.593734268251227881e-01
1.593062212978599845e+00
-2.085599133090901169e+00
1.952233715212811749e+00
2.931541276308735622e-02
2.305410072437798608e+00
5.329782710083030839e-01
9.799764766099566815e-01
1.503047768812165730e+00
1.231887096549897365e+00
1.177506295193276209e+00
2.237069496641533206e+00
2.192879975366755829e+00
-1.602116092214776355e+00
-2.229774495250880229e-01
1.554487428360727952e+00
-4.230028057268736541e-01
-3.357840957164165419e-01
-8.412614033746551589e-01
-7.664886825616679111e-01
1.252138552313614817e+00
5.188097390650131535e-01
-5.747925038434131828e-02
8.362195559886254070e-01
-9.535532804255564265e-01
-1.780586267548777135e+00
2.274015842491071027e+00
1.699546829017382521e+00
4.968327888426249395e-01
-1.498860211541814813e+00
8.782596947983850599e-01
1.147250475817187532e+00
-2.199340337856210414e+00
-2.361725862434351786e+00
-1.141685304474227447e+00
-1.577545352868248596e+00
-3.161639301172941563e-01
-6.667187800261364927e-01
9.590814590185847699e-02
2.248659237311345649e+00
2.188163534182557823e-01
1.176530245448534906e+00
-1.791809999218448857e+00
7.910186291871368347e-01
1.918273113640625471e+00
-6.289553910142187121e-02
1.731172328418047357e+00
4.720421728060941735e-01
-2.293365608946917433e+00
-2.089745318313207534e-01
-1.729826620468655207e-01
-4.642189079642755623e-02
-6.629000581458260877e-01
1.506658452560529771e+00
1.968539213194808291e+00
-1.430403578778626228e+00
-1.377176260432545485e+00
1.148082498689394493e+00
-7.446445814852881151e-01
-2.245368842163886214e+00
-1.690397704063535844e+00
2.271245925556453660e+00
1.107064348744852822e+00
1.060460488601500106e-01
1.873994435291819638e+00
8.044174249794211473e-01
2.029783698190892771e+00
2.029599327120294561e+00
2.014343921055295361e+00
-2.155558144999871750e+00
1.305765801047924946e+00
-6.134931534227183736e-01
-3.100148165893440444e-01
2.029550679641409783e+00
-2.184087686163464603e+00
2.301819390135589227e+00
1.536958522898540513e-01
-3.569543950962295042e-01
-5.556478785426977041e-01
2.096974138740457239e+00
-1.233913855225620138e+00
8.477988400537095348e-01
2.108906784608613805e+00
2.754686822941104785e-01
-1.398679889478305238e+00
1.972768396288204329e+00
2.446410304212119247e+00
-1.468825440002216043e+00
5.870205879067280641e-02
2.105776644733756697e+00
-2.111878461017628439e+00
-2.272144866794497009e+00
2.010725191772238851e+00
-9.358978634368730898e-01
-7.224605861992455802e-01
6.820928386724217640e-01
-1.922193862222595362e+00
4.657462362188791172e-01
-7.328613479336126835e-01
-1.572795661761622332e+00
-9.946827554495196733e-01
-2.246032648273054821e+00
-1.946126773047939906e+00
-1.053507289972554606e+00
2.151207202517759320e+00
-2.052690849345242707e+00
1.666043921469543942e+00
-2.252021151524699505e+00
1.642156098875848347e+00
1.693993896034406976e+00
2.298201754687958065e+00
2.076037451030811276e+00
-1.629150087774826172e+00
-1.421847295755866547e+00
3.117365225138996054e-01
9.227103803318925657e-02
5.007226914811480079e-01
5.366987188198107939e-01
-8.472994686270668430e-01
-1.899500924180090866e+00
1.983498957194941958e+00
-1.833116812142580043e+00
1.613357075193229573e+00
-5.653186911284141525e-01
1.049930846313051891e+00
-1.140523504065706462e+00
-6.845580406354173642e-01
-1.638116333014598691e+00
1.047607744008397512e+00
-2.409186516586875992e+00
-2.011854418927136567e+00
1.889893692364659650e+00
8.690810780264440760e-01
-7.654658218563237249e-01
2.289266420106949695e+00
2.525905401791816995e-02
-1.539113559544001975e+00
-1.105386489702938624e+00
7.171844950791578244e-01
-8.301133174279606841e-02
4.993609533447856963e-01
-1.069098099395462853e+00
9.065223810947908856e-01
1.421047869723480073e+00
-2.293328657892322653e+00
-1.863049652242138032e+00
2.805567960971733221e-01
6.234296186092153080e-01
-2.427869227548302256e+00
1.011175780105711963e+00
-1.303882407633321083e+00
1.197131195482147303e+00
1.074164867754819896e+00
1.506209741307353411e+00
7.714943672924523543e-02
1.501130392569524741e+00
8.457094078199739462e-01
-1.609045534387882892e+00
-3.480354523946466161e-01
4.789593158089050506e-01
7.261220017423158923e-01
6.918634990416006048e-05
4.201970725692177888e-01
-4.100350710241063013e-02
1.223597241570808070e+00
-5.033964840678673003e-01
-2.475713140833217807e+00
-1.442627273123098686e+00
-1.895229966063912030e+00
3.197013129393477815e-01
3.599477143975998716e-01
2.219927756000943386e+00
-2.318786584822209562e+00
-2.825453455499010724e-01
-1.906864275648538776e+00
8.486102837193310044e-02
2.172200655546582926e+00
-6.171200424312472954e-01
1.686912525579049138e+00
-1.630214053256915818e+00
-1.986289734039701660e+00
-9.471894393457164218e-01
-2.006762224871607270e+00
1.273511353895625531e+00
-1.530760908604833936e+00
8.757574601599293906e-01
2.121940056262072716e+00
-2.082707116496615551e+00
2.351732398601437790e+00
-2.134814736342623309e+00
-1.362734298547483291e+00
1.077778111090647029e+00
-5.447170251298333321e-01
9.071413151609025727e-01
2.304891635095762226e+00
1.835638161171728289e+00
5.548754123027715979e-01
-1.746801545054054161e+00
1.023012110466145597e+00
-1.524050492800180789e+00
-5.789908792608949861e-01
4.741969738971213433e-01
1.015876670182956243e+00
1.220823076014790232e+00
3.451883925041443479e-01
-7.094004178238405567e-01
1.038911630808900366e+00
-9.454052582079924827e-01
-5.729695758841568676e-01
8.933960890658249054e-01
6.541062810656794735e-01
-1.964252376309460590e+00
-2.367749319018167320e+00
2.145169834373106266e+00
-2.871616964717560450e-01
-8.705872659847396777e-01
1.144767028999869485e+00
8.826829441321959457e-02
2.375516817485461729e+00
2.455800758858526223e+00
-3.072759981824380038e-01
9.294930562645870031e-01
-9.521570818999186558e-01
-1.566300566582108367e+00
3.928457433462023696e-01
-4.260563439778169981e-01
-1.256998582729959679e+00
-9.028079956713680465e-01
-1.732910419002782643e+00
7.798054325394959685e-01
-3.793344208111121274e-01
-1.501000945788687480e+00
-2.838519589421634182e-01
4.411983616602432878e-01
1.085730982101078546e+00
-2.340593226042642083e+00
1.402809108474850630e+00
-1.359729802802817078e-01
-1.369593546623967262e+00
-6.454460129906580690e-02
-9.381366116985490056e-01
2.372257419286248670e+00
9.763087592375263579e-01
-1.155120823708489119e+00
2.941031684362793719e-01
-8.557005748723650607e-01
-1.376579333016691997e+00
1.721391259285465658e+00
1.489252124145711953e+00
1.444131629251697024e+00
-7.039042053560645718e-01
-1.737403727543703758e+00
2.490743916250442336e+00
-1.692932402444567330e+00
1.815828476923547763e-01
1.594644360784406301e+00
-1.987689168408575124e+00
-1.466179941083950444e+00
1.316012901201098373e+00
1.382504680787999263e+00
1.565401269211227353e+00
-1.776536595894344206e+00
2.014632601730481642e-01
1.963397275940002018e+00
-8.301671054472603561e-01
-1.171768288163149707e-01
2.063128667434063424e+00
-3.006269077001449963e-01
-1.080874359462192791e+00
-1.747643528582330408e+00
4.920621315897644177e-01
-1.684924022839400237e+00
8.560609013309733450e-01
1.587012712310179596e+00
-2.979279867639089696e-01
-1.939971390939249085e-01
-1.100125927660697389e+00
1.943065904186058290e+00
-1.589300586929848880e+00
-1.369678747368083815e+00
9.610489903861618721e-01
-2.126796569212443089e+00
1.681745464635927556e+00
-9.009706738778944235e-01
1.352516760562770148e+00
2.120881502626764892e+00
5.924637505427188255e-01
-1.504283560852532897e+00
3.753515665692452874e-01
2.463892918422097011e+00
1.113669606240946797e-01
2.320495824784836181e+00
-1.295934080432980640e+00
-2.464464946826669056e+00
1.719151994164848762e+00
1.928730762966374801e+00
-1.436000174372120686e-01
2.279875934793823333e+00
-7.999812041398518536e-01
1.644739166947845055e+00
9.927817841570818480e-02
1.698886737063789898e+00
-7.529422255309292655e-01
1.962409356455884879e+00
7.382295798462557013e-01
-5.340299555782385132e-01
-1.445080299225812048e+00
-1.442139542624110149e-01
1.557492028309890308e+00
-1.254274111802846203e+00
2.354914936595695618e+00
-9.867561307724287412e-01
2.344165524160224390e-02
-2.329880982867388317e-01
-7.094335768045822999e-01
1.447110185558659445e+00
4.659393880594631110e-01
1.220846819389717730e+00
2.310840450552577696e+00
-1.083514087090558409e+00
2.423125254210289015e+00
-8.065594724895142065e-01
-6.624761211710533670e-01
-3.173663191414938245e-01
-2.458494549808262875e+00
1.463999133620305759e+00
1.620974482191869903e+00
2.290121448127002246e+00
-9.571176080290716426e-01
-1.045128874325882862e+00
6.600719416841227538e-01
-5.350233115309516174e-01
-1.894696856586910449e+00
-6.906622433950215800e-01
-7.020411104778612188e-01
1.046232053472733625e+00
-1.375286368201781295e+00
-1.805755312247791622e+00
2.480175792575138871e+00
-1.937584137556509045e+00
-1.038885404969929649e+00
1.546596246729885493e+00
1.936362612316273601e+00
1.006082216949257369e+00
-1.863448720491840849e+00
-1.292388356531955385e+00
2.459466500963538138e+00
-1.020181804472661824e+00
-6.133791691814738378e-01
8.745736141253906970e-01
1.168576826282295311e+00
-2.466195930290299820e+00
1.188712166510897283e+00
-1.929165790892524601e+00
-4.024174754973997015e-01
-2.245806377306830193e+00
-1.368424156547331627e+00
1.597772996956607461e+00
-1.487914163949062729e+00
-2.008108740981013884e+00
1.747693940817959923e+00
1.469408354614174961e+00
-1.936075711530175880e+00
2.219512717768508114e+00
1.241003107096366742e+00
1.540510811983812900e+00
-2.224739306972487451e+00
3.479133697265873737e-01
1.796012567939324178e+00
-1.672332252653298656e+00
-9.185941175694550820e-01
1.553483549686007770e-01
1.433034730101400811e+00
-2.355060584606127438e+00
5.872941614248633480e-01
3.737148142367735515e-01
-6.426560834917982579e-01
-2.062136267565897629e+00
-6.473704404083180375e-01
-9.964321238781365109e-01
-1.319339029181750167e+00
6.632114437817954178e-01
-9.030287594867475454e-01
-1.084937563868407118e+00
1.027307186423078278e+00
1.592992894597042852e+00
-3.043727762405956661e-01
-3.859830592129021021e-02
7.767497567525294411e-01
-1.738228194174405328e+00
-2.462106868036303631e+00
2.084467674027811857e+00
6.480014085102142607e-01
1.605759990732417819e+00
-7.257528836397530991e-01
-1.012267812881225693e+00
-2.388537569491376189e+00
-8.063195797710664969e-01
-5.555198212176715167e-01
-1.273197327723496919e+00
1.154614782562306985e+00
-1.844065398602662276e+00
-4.475511708628365781e-02
-1.398932532313982957e+00
-2.279135835662549958e+00
1.045218645418587444e+00
-2.415339916995332459e+00
1.441095119903839095e+00
2.478195611072478322e+00
-2.018042385683088025e+00
-1.643854030374282793e+00
-1.708254025777571794e+00
-4.477938939672509999e-01
9.730906492904917160e-01
9.153552723126923141e-01
-7.376363701057236932e-01
2.296034380684377485e+00
-1.564868251048301406e-01
1.600960183512137869e+00
-8.203197919397076099e-01
-1.303413356215336050e+00
-1.412755179975296871e+00
-1.606783673373468613e-02
-1.312388201294806267e-01
-1.244028487454279519e+00
-1.664132318279127443e+00
-1.662686978663207027e+00
2.369554852211317453e+00
3.891150560484979426e-01
-8.270658483306048137e-01
-1.327620874330405210e+00
1.269514024145917297e+00
1.626436644064436221e+00
2.315172709066854573e+00
2.303837306767599458e+00
2.045437706052553484e+00
1.580064557293838323e+00
2.429635812446339749e+00
1.964199993037430980e+00
-1.746798275965776970e+00
-1.210239126474461191e+00
5.452986522693703542e-01
1.364290083217979399e+00
-1.983880418792202116e+00
1.868679517823010894e+00
2.398223616595403396e+00
-2.493240446372247288e+00
2.770578689204689082e-01
-1.208430606406650787e+00
3.835224236060086334e-02
8.245150136089324233e-01
1.020626881882680248e-01
2.027594005146616141e+00
-1.184894327093168886e+00
-1.470838328505559733e+00
-9.589808744166095078e-02
-3.343311037562840538e-01
-9.815119823906259811e-02
-2.106344946660945627e+00
-1.409145510156406544e-01
-2.081211378638209153e-01
8.903555787452249737e-01
2.420482689867458959e+00
1.837827088063174186e+00
-1.004379441335387479e+00
-1.583784254950648673e+00
-1.337450930031435226e+00
-4.189193747298536330e-02
-2.401789783005040313e+00
-2.261902723731475273e+00
-1.588125792168687545e+00
8.364356318775595378e-01
-2.229870671179226882e+00
-1.817777414070425035e+00
1.048221659903942893e+00
1.892728488504906714e+00
-7.928753507682118062e-01
-1.565299936839041894e+00
-1.969814744953185537e+00
1.996202635083266230e-01
7.075576425435975425e-01
1.758491500054519374e+00
7.265044837104683850e-01
-1.548278980733960974e+00
2.014128560949057789e-01
1.895350425294927144e+00
-1.772781407124518482e-01
-1.993915095042428920e+00
1.361785419464403013e+00
-8.087218616471769650e-02
1.117694408640984571e-01
-2.031757823477164937e+00
6.030762755279200915e-01
8.589344232650325539e-01
1.641282659764280449e+00
-1.344810041313795335e+00
-8.056979864867902519e-01
-1.089812012254795626e+00
1.749200962026863371e+00
-2.838776177840396375e-02
1.623048453003231195e+00
1.945322358533889240e+00
-1.097152451835763820e+00
2.020108712862788813e+00
2.042591644046522603e+00
1.637215724115604898e+00
4.123864976980134989e-01
4.794166881523564960e-02
-1.180019605609237132e+00
1.899830230282413712e+00
-3.970893725356788861e-01
1.333988772778952336e+00
-1.896803208310237077e+00
9.064258473205988320e-01
-1.937186105598561081e+00
-1.606737772425697486e+00
-7.664437954150282728e-02
9.476655764216690425e-01
-1.027065413189473642e+00
-1.143759977046663323e+00
-7.160919396781989521e-01
-5.859903075203137801e-01
-2.404802627605589382e+00
2.289898233089069368e+00
-3.143320912443853254e-01
-5.597596639370622240e-01
2.485349265285466291e+00
1.401933592152372343e+00
-3.126521513638541583e-01
5.543273632998135803e-01
9.522146911110584977e-02
-1.604215064838896421e+00
-1.556323782196890049e+00
-1.666321525642437518e+00
5.993169484812321812e-02
-1.372879610051390697e+00
1.429653750869785966e+00
-1.578465937915984441e+00
5.185697433410441093e-01
1.045201085171230115e+00
-6.806481875110015345e-02
4.856837270521341399e-01
-1.213534092759870342e+00
-1.829870465273797375e-01
-1.141107262639684983e+00
1.009627840159691425e+00
9.987322064609616135e-02
1.821546140973196337e+00
5.189046541078384811e-01
-1.116957352762022015e+00
5.383032810134719126e-01
1.220628838036557084e+00
2.456318004227663110e+00
3.996810385693300161e-01
2.109705908303250332e+00
1.379357122651121870e+00
6.532724364909736625e-01
-1.396059946631186266e+00
-1.534186013261931159e+00
8.098073750511297630e-01
2.454760000191030800e-01
2.284091370314253133e+00
-6.866511380791362473e-02
8.353743291233217683e-01
7.535597687509776321e-01
-1.837764016400478706e+00
1.647763248234013211e-02
-1.298641095183151073e+00
-1.229871343250309446e+00
2.252409893242504069e+00
1.436318907793079802e+00
-2.104217637028031884e+00
-2.185813615397436571e+00
-1.942776826167891713e+00
7.414285663468273002e-01
4.977113235408225922e-02
-8.448152812289627667e-01
1.516032612431550408e-01
-1.411042353996472265e-01
2.437387269565344239e-01
1.062681936921838766e-01
-1.427347152561810883e+00
-2.284389971286993060e+00
-7.247680039437276456e-01
2.020063350341827491e-02
1.407608106610747090e+00
3.874239262442324971e-01
6.011295620142226293e-01
1.843364044433952298e+00
2.010762524985954425e+00
-1.943988022633775348e+00
-4.808570578648685423e-01
2.005648372336103602e+00
-5.306290000660368600e-01
1.345734851689334155e-01
1.101442837723711321e+00
-1.352966411677258840e+00
2.372876120771665320e+00
2.460342546883598214e-01
2.311103962582873983e+00
-1.792984463340746570e-01
-1.608236109731225882e+00
-1.050786604581459116e+00
-1.652839824680178982e+00
2.294633533065808084e+00
-2.242882836711839190e+00
2.447455652917817748e+00
7.749378384933958142e-01
-3.585147946343208991e-01
-2.127646395313675942e+00
3.895401142138210648e-02
-1.512161899214525818e+00
1.959893872885450916e+00
-4.395521323572904038e-02
1.978986096766799374e+00
-2.203375639484515425e+00
1.914213336567922585e+00
1.723492448289259960e+00
-1.268706971679662843e+00
-7.646436557213937002e-01
-1.652462627554780905e+00
-2.365847194184493407e+00
4.109382202076344859e-01
5.463002384451726146e-01
2.031076602416933774e+00
1.486374111401025822e+00
1.147023851941806782e+00
8.372394221915729906e-01
-2.317052412223903346e+00
2.101591001496634803e+00
-6.736710245838439803e-01
3.873988575902259646e-01
-1.872985177833729198e+00
-2.229433425044160977e+00
1.852269605474483605e+00
-5.315442365227479593e-01
1.899589043733596050e-01
-1.767610725366980384e-01
-2.463766472576924382e+00
-1.216026305030815102e-02
-5.661284228639162919e-01
-1.943663613772950605e+00
2.365612691903043796e+00
1.875177251540843804e+00
-1.118987992301051504e+00
-3.867716215266225888e-01
1.934476741833008884e+00
1.099373031147095503e+00
-9.931385093883016157e-01
-1.127261167046426094e+00
-1.206200591231012975e+00
-1.495506042405734259e+00
2.462198040760519735e+00
-2.237614498332040291e+00
2.185664064551163133e+00
1.050552342820267437e+00
-1.365461005950585616e+00
-2.461880222747546032e+00
-5.412969476201506813e-01
1.135781296633469051e+00
-1.953791956452451295e+00
2.023526432446702383e+00
7.967758560300308712e-01
2.389787129689173284e+00
-6.285028381756274651e-01
7.928137614075403405e-02
-2.355705894543589363e+00
-1.469785908218695258e+00
-5.361509238965173063e-01
-8.138266619565309723e-01
1.479569317891967772e+00
6.156322019109200516e-01
-2.531527170904884771e-01
2.021885488951652654e+00
6.497622162585309225e-01
1.224858798640968693e+00
-2.088448139826384331e+00
-4.042621772672949643e-02
1.944734521206264999e-01
2.032587346467579437e+00
1.865211499513359517e+00
-6.988044465776777070e-02
1.995029870692929252e+00
-1.612042862165747437e+00
7.661489380726183018e-01
-2.425211843386476218e+00
-2.419933861591664126e+00
-3.877914769725704369e-01
-1.356978696676570673e+00
8.444167066490643192e-01
-4.313358951683221587e-01
1.096043263923157651e-01
1.771093320957021211e+00
1.775959661492847008e+00
-1.523581735921286207e+00
