3.551532800474557217e-01
4.585038600393890468e-02
-2.643380472672793857e-01
-3.414333776455626968e-01
3.217391900203686594e-02
-7.969080139120066075e-01
-3.240244457534491862e-01
-3.493476991263199660e-01
-2.861055853442605601e-01
1.952638535262221642e-02
8.149217675037458142e-02
1.118696945268176535e+00
1.387910152788654761e-01
-1.106661368256273370e+00
2.756099407524865708e-01
6.866064652353505438e-02
-6.826999942695716195e-01
4.286723046656659708e-01
2.595527490766310064e-01
-4.761896447065809279e-01
-3.647451604119824053e-01
-1.987293723634459344e-02
2.205850844994134141e-01
3.233309122512688649e-01
4.090011785383207421e-03
1.787148723339306855e-01
3.697774747019215269e+00
2.673942858088594887e-01
-3.480013580979954835e-01
2.040101893750613238e-01
9.653644744060962957e-01
-1.240102379977890412e-01
-3.974265770944780396e-01
2.393998097665110680e-01
2.638880399373562113e-01
5.144462187347570437e-01
8.789559250780959454e-02
-8.443915526408702910e-01
2.967370283146951448e-02
1.770250924649516611e+00
4.179147273658463391e-01
-3.148882416520858429e-01
3.809323891316834798e-01
3.605262740697344759e-01
2.758297408945594165e-01
1.051384324646874591e+00
2.655773575938519815e-01
-8.622504916839373035e-01
-1.883149660933717551e-01
-8.966568229228040199e-01
8.255046069585833535e-02
2.185825145327575381e-01
4.814370725658836947e-01
5.455991883389881281e-01
-2.285558746817719367e-01
1.502833013945022445e-01
1.376237216422553589e+00
3.394213215583622434e-01
-1.719922369323012012e-01
-5.392062402643206243e-01
3.477339254945327474e-01
-8.546400793940707175e-01
-8.807578989104811185e-02
-1.990938843192091579e-02
-7.396223303738641563e-01
4.567430225214390571e-01
2.466742044300169745e-01
-4.799419458875824884e-01
6.282814269403894647e-01
4.110498115639199312e+00
-1.555652316624854814e-01
2.395610163326615805e-01
-9.905383717873301741e-01
2.715207316000921023e-01
2.228279827867507001e-01
2.657717924006134935e-01
3.631597478500459553e-01
-3.526995457060334155e-02
4.639184384653610715e-01
4.365170740980496289e-01
-7.231465501660352402e-01
4.576134156883003845e-01
-8.446055638893050777e-01
2.418051854226239417e-01
-7.285519493327968776e-01
7.046513401621475881e-01
1.842863409740740921e-01
1.550528545226970145e-03
-5.534090088776206784e-01
-1.385576583728609923e-01
4.757798813664405602e-01
3.242260337571943318e-01
1.780371087784819728e-01
3.944701576015052780e-02
6.264979026136925366e-01
2.333942616738201303e-01
3.801854271162751209e-01
2.626209069490200165e-01
1.915197182404330956e-01
1.922177797513957009e-01
5.962791243373145589e-01
-7.391582465180723815e-02
7.989116370256177380e-02
3.201192701291912801e-01
-7.272077434081810621e-01
7.007722202484165663e-01
2.995608806167270322e-01
1.875921704187945571e-01
2.621766484505334560e-01
-1.680796307939490530e-01
4.529953618155146966e-01
2.317182401629288013e-01
3.604875636374544889e+00
1.530360087616694065e+00
1.004996113028944205e-01
3.874693092551615425e-01
4.118310887516463126e-04
1.551294720287239304e-01
-2.461454445832019222e-01
6.354409056446530535e-01
-5.236959767762039419e-01
-4.319728320768690399e-01
3.162118805153255052e-01
2.841525035464210203e-01
-7.386814862648570512e-02
-3.176170876179529867e-01
-4.516384459817065489e-01
-5.681268440593381097e-01
-3.501527866640681899e-03
1.920577873107874312e-01
-2.613257399164041206e-01
-3.035035468823308880e-01
-1.958636136736744970e-01
-2.382142636865325347e-01
5.282429570970454957e-01
6.261254646995164652e-01
1.557564014001251440e-01
-1.877720439625224502e-03
-3.912001975489118877e-01
-3.025253786899732011e-01
-2.981764537726227515e-01
-6.701352113608541328e-02
3.263693714543030922e+00
6.792443868500530613e-03
1.393978593088959439e+00
-1.380404671537766026e-01
8.505086138687013853e-02
-2.690090507348170679e-01
3.037584282264663482e+00
-1.648462556885708086e-01
6.283892774656264502e-01
4.590027601230972643e-01
-4.641303904355212895e-01
-8.200679377240353007e-01
5.412767497224983682e-02
-3.447264199848814048e-01
-6.670235122298966424e-01
-1.144758678119155437e-01
-2.239570869304159384e-01
6.249836913220795376e-01
3.996998916562591320e-01
-1.433249520768896113e-01
1.740110579071302288e-02
-2.396625334764138082e-01
6.942978475375292113e-01
-4.768970251228284996e-01
3.027493527312796751e-01
-1.220353612541996147e-01
-1.609705090837090791e-01
8.913575428582623528e-02
-1.761174712601773495e-01
-3.598123146760429103e-01
6.934144839927731951e-02
3.245579440925915882e-01
6.474277616073663699e-01
3.527347279656093404e-01
8.490437361745944989e-02
4.026572240820867954e+00
-2.127460602555081293e-01
6.326670276776109603e-01
1.600095702596451286e-01
3.304255011958385779e-01
3.163931261937434902e-01
4.159740286562935374e+00
4.069455694675405688e-02
3.911929856634597247e+00
3.972793195175999603e+00
-5.379635837441900659e-01
6.935007964189733309e-01
2.668999222100634228e-01
-7.070183348782463906e-01
4.161623516638998765e+00
3.476335516660339353e-01
-7.767083383568175181e-01
3.552559578120838002e-01
1.477897116776793196e-01
-6.783142341022093680e-01
4.080978974098880552e-01
1.523415354013915313e-01
2.163623859898285151e-01
3.362531466737197050e+00
-5.592278167037276204e-02
5.850439869728155662e-01
3.406990494458332019e+00
4.580187833169660494e-01
2.901578085339323598e-01
5.042891367644060374e-02
7.977315166583874850e-01
2.112453268551970353e+00
2.922777117966579019e-01
2.394680282119406867e-01
2.225215844892726724e-01
-7.451356219911810241e-02
4.211047709320436816e-01
-7.487618863333292407e-02
1.728117506422867322e+00
-1.226318301413642509e-02
3.439763151919559281e-01
3.873180108983943493e-01
-2.168453212890079362e-01
3.018724367977455025e-01
2.071591460785298655e-01
-5.349797776900738766e-01
5.109159258161839468e-01
-1.247978394022840054e-01
4.681086028055223003e-01
8.273556229035059495e-01
2.580457424996946081e+00
3.094568692832975199e-01
-8.279534835466296760e-01
-3.745818089492811698e-01
-6.431968499070991330e-01
1.026197487159428157e+00
4.666910943653346244e-01
-6.410518902648472128e-01
3.139801404354704006e-01
1.697275328413744067e+00
4.255204836099067411e-01
1.826731780142190509e+00
3.825446262420139742e+00
3.112602125310377499e+00
-2.738508170789736296e-01
6.205796448726667025e-01
6.438957812162299232e-01
3.048139801029575713e-01
3.512304050656570586e-01
-3.024127557822068324e-01
3.802479920529978630e-01
2.968234805034606905e-01
-7.608087594912393836e-01
1.808626427928456959e-01
-6.882479914251948827e-01
-6.202961897573067152e-02
-2.297016760186604001e-01
-1.723338301109428317e-02
3.766368700043386308e+00
2.259057869713732902e+00
1.169391007534472671e+00
-2.177163480366299808e-01
1.012066696183395870e-01
2.874926031005740956e+00
5.404802459943096604e-01
-1.635365600759192684e-01
-2.593280417671228744e-01
2.633246640599677946e-01
-3.072049473296309396e-02
2.909458061712692611e+00
5.587650487419831835e-02
-7.616972828533501438e-01
-7.405498475652603219e-01
-8.136750543587720208e-02
3.027308500184941131e+00
2.482631241798773092e-01
-8.204253561119656535e-02
-8.104373735699106629e-02
-8.098485247251212549e-01
-5.064202154666469502e-01
2.862778910819919087e+00
3.719789268080920586e+00
1.957624468876499879e-01
-5.229009604326588789e-01
7.090455691470127775e-01
2.659108936291795011e+00
-6.222202973527299896e-01
-3.350740675161404392e-01
3.865333789008540855e+00
7.805880545716516183e-02
2.788091355735619614e-01
1.050139232460681471e-01
-7.896049360899718428e-01
-5.502669022659101294e-01
-5.675748912700645521e-01
4.818282971092606726e-01
-4.835533309190461759e-01
3.181956152857154385e-01
-6.340319510193662134e-02
9.803002536431476566e-02
-2.966028171319608497e-01
-2.956591214667326217e-01
-3.328440397113416882e-01
8.005275111520770981e-01
4.352378737806161801e-01
-6.328330880283408733e-03
-4.010452778584796540e-01
2.129607164293582766e+00
-1.063344207934999064e+00
-2.241933216492958680e-01
1.777783432814517284e-01
-6.596844512213433098e-02
3.989737573916512847e+00
1.876919546176721298e-01
-4.744782810981656995e-02
1.247932091296891088e-02
1.894622722866971809e-01
6.482799999693618087e-01
2.480491988343859755e-01
7.797960910227144660e-02
4.060017817459920519e-01
-2.204518123270152175e-01
2.642640292710689121e+00
-3.714949179350265362e-01
7.563262198436753181e-01
1.485343500639904946e+00
-5.281725629910473119e-01
-8.010285990736025763e-01
5.052607969393106968e-01
-2.685254278534096040e-01
3.867212771442412489e+00
-4.969508869587898614e-01
3.151767744082503153e-01
-3.765844018181010444e-01
3.806388407205010260e-01
-2.130375194875669398e-01
2.465107870457153016e-01
6.622202456662223957e-02
-5.346346499067352598e-01
5.073044444631494843e-01
1.127052651337065725e-01
1.836402879409965161e-01
4.777499065193243633e-01
-4.047015117878688395e-01
1.896622153059308813e+00
-8.110574355983705130e-01
3.919581418398745853e+00
3.995618288709686938e-01
2.598282624354213866e+00
4.742146280349993082e-01
-2.194360569104362724e-01
-4.342740231769193771e-01
-3.053246599475414325e-01
3.824435005578972646e+00
-3.924904823539209775e-01
-1.410234806767165505e-01
1.789509309148667182e-01
2.925396457554286123e+00
2.940249005631977663e+00
3.904792512977971697e+00
-5.759015542638328267e-01
1.014228226472345951e-01
-2.757816373569493829e-01
3.388777221093938197e-01
2.298734418317641137e-01
3.969026660888362867e-01
-7.182763047660903899e-01
3.217361802723388009e-01
-4.866601608635798826e-01
2.850968239888170830e-01
1.988644421482944069e-01
3.973451552751671390e+00
-1.767623325255144318e-01
-7.577133305530724394e-01
-1.071166646700601466e-01
1.935351735542183704e-01
-3.037339274551222323e-01
-3.790123396094557950e-02
2.841951042664358495e-01
-7.753295564660285244e-01
1.912443678141320103e+00
7.322390570279313504e-02
1.694384255263364780e-01
2.740015009297475101e-01
3.420760478227431012e+00
1.586817621573263004e+00
-5.661054667671744367e-01
7.812869347538863030e-02
5.306625992889547616e-01
-7.145646659178271909e-01
8.104780512926880176e-01
2.389866985056551929e+00
7.639854512829024058e-01
7.670114508846836987e-02
1.957043314452703020e-01
3.375957758040575851e-01
4.304135922192044994e+00
2.002669803814774718e-01
2.655701093560668413e-01
4.782142676292271966e-01
4.294715608346572067e-02
-9.519584009312298534e-02
-8.793894401974585717e-01
-8.867661521336839270e-01
-4.057423739069899726e-01
1.413855836903858687e-01
-8.783427251526456647e-01
-3.474119951034737586e-01
9.410335612810052930e-02
3.394706937171839689e-01
-1.280937452921917519e-01
4.603748370399456391e-01
1.311867855817705486e-01
1.524626567423937318e-01
-3.186653097588331152e-01
3.918747430732158477e-01
-3.467428311646030270e-01
-1.844425665259587233e-01
2.288252895905184547e-01
5.875092906342595234e-02
-3.290532541045972925e-01
5.199415775574270926e-01
1.923051207710921418e+00
3.991510211797377750e+00
1.315866858140536944e-01
-2.523504150715073502e-01
-8.265617522835106978e-01
7.572795049381225718e-02
-2.100410018317462046e-01
-3.660568884980136550e-01
-1.416055476883734121e-01
-3.575505024549566757e-01
1.505206311357853988e-02
5.853019310725333657e-01
-1.069641027562102442e+00
-6.263652281065466010e-01
3.770833422509921595e-01
1.995873060425706613e-01
-5.681776757548998025e-02
-1.187874264393450480e-01
-6.815895540031100541e-01
-5.158247844093830636e-01
4.602763162423374466e-01
3.939550734214137595e+00
2.835678094378628333e-02
2.698560828568616898e-01
-8.015364339917724346e-01
3.628751479809962266e+00
8.505961673156629821e-02
-1.482212975658980803e-02
-4.167354953019440367e-01
3.107560931642559532e-01
1.122354115533212848e-01
8.131497732204451268e-02
1.647173528524322528e+00
-6.825178540216628731e-01
2.006462224904111413e-01
2.382832117497555025e-01
6.205156599625363256e-01
5.712645047715745328e-01
4.298926385766010938e-03
2.530717719925716369e-01
3.821329949719660668e+00
-3.036542995916229337e-01
-7.609842955473963277e-01
-7.051759447966935435e-01
1.767989704136780027e+00
1.271484008999128612e-01
-9.180235041544806407e-01
4.267632124699706431e+00
9.854616544218921526e-01
3.930791184014905681e+00
5.509771106520027217e-01
-2.233112014658248379e-01
-1.116983751425611182e-02
-4.823764461928392588e-02
-1.195757350996707324e-01
1.315021838795486619e+00
1.438869622117515235e+00
3.900400144150195092e-01
5.077106387140034593e-01
2.087419880263221561e+00
-3.365410736435622274e-01
3.634207516895993972e+00
2.248593371038457855e-01
-6.825208502559455548e-01
-2.207717694247080531e-01
1.316238707842207201e-01
4.036791877161839681e-02
5.662836661068321176e-02
1.212729183278433848e-01
4.309977416996569888e-01
-3.443408029913130886e-01
-3.738851427612902012e-01
6.283571345275554276e-02
9.981874849165606189e-02
1.344274768080538918e-01
4.357513702180594861e-01
3.298089697305526813e-01
5.306310894420362967e-01
-1.269983456893004625e-01
-4.941054538570602839e-01
4.351371880131015280e-01
-1.897063951563180972e-01
-3.927477965856077669e-01
-2.069688232125073968e-01
-2.043905348121334287e-01
9.983612683097627116e-02
-2.069193565435696880e-01
1.773400381063530706e-02
1.660671089489227925e-01
2.481950746286609166e-01
1.498458223844588266e+00
-7.885924186715548290e-01
3.686434334641848221e-01
-1.912073972638840824e-01
-4.209828213034080280e-01
-8.440925104045717831e-01
-7.947117677244112111e-01
3.608007335846715735e-01
4.149266317232376267e-01
5.106359118713791334e-01
1.960601571695874679e+00
-4.800603661735168837e-01
5.162376096007983417e-01
3.881254519603890341e+00
1.446484568698840623e-01
-8.956009604111621336e-02
2.119876545462849204e+00
-4.724151866417098944e-01
-5.877367543347858936e-01
-3.313568599321420338e-01
1.146930106706606223e+00
8.627097083744277306e-01
3.016884605373640338e-01
-1.923142291604379439e-01
-6.365874515788790822e-01
-7.159067816954693964e-01
1.435170806250504638e+00
-1.359843094933194940e-01
1.962819801117565044e+00
4.085935127483520946e-01
2.672975438499830547e-01
2.598287205244200204e-01
2.039369569628672885e-01
3.476137793534235243e+00
2.116062566819419122e-01
3.612363879712213066e+00
-3.300095335510819239e-01
2.375361234440439007e-01
-2.113996249197594990e-01
7.380500550874872223e-01
2.222297068742088655e+00
-6.793961715622764963e-01
1.590390474121529951e-01
-4.781316127005786343e-01
4.983954187373590416e-02
2.664986660456845069e-01
-8.464441334792910387e-01
-4.131186171520886408e-01
-1.469773703758082799e-02
-4.197746126081080553e-01
3.040262519453137635e+00
-2.711860394667304219e-01
-9.311495251358677117e-02
-1.478437888117475341e-01
2.488081569540604165e-01
2.195343310546057913e-01
-3.365406003563933268e-01
-2.420063033246254713e-01
3.081904311648761663e+00
-2.489975942926155872e-01
-5.229361061450088499e-01
3.718082237566482373e+00
-9.494610457979549278e-02
2.132904551665109949e+00
2.385986964290041368e-01
-3.079777238558455421e-01
1.375978264786167360e-01
-2.867615626753673430e-01
-1.998335830891976306e-01
-5.901915246824102068e-02
2.303409736715052336e+00
3.504771705140378835e+00
5.025920245066857195e-01
-1.648740757921031697e-01
-1.317026018096809914e-01
1.495785993778448175e-01
-4.327620897150582513e-01
4.496473690239614629e-01
-2.313333649703127604e-01
-2.441899483747304866e-01
2.373866132079787139e-01
-1.643568966132246956e-01
-5.461053014712786702e-01
-2.196127535463496538e-01
1.184675860285097304e+00
2.024629175566378392e-01
3.766123690895122333e+00
3.711206748712334580e-01
4.677713455690027944e-01
-3.101242140904977851e-01
-2.185538380935547198e-01
-1.360816928927334468e-01
3.275274088442080789e+00
7.958361610848848633e-01
-7.578988345252857251e-01
-1.511396469233290130e-01
3.752328675566057203e+00
-1.545596978277028466e-01
-4.211200335166283559e-01
-3.398759840396901044e-01
-1.035066804337676949e+00
-5.420056111085765904e-01
2.390027453510788769e-01
3.336174548611392954e+00
-1.485971434514611333e-01
9.224061959292305657e-01
1.878742415161134272e-01
6.366889517335283522e-02
4.194527434298096935e+00
2.697163681307941374e+00
-5.976562339174108507e-01
2.028510220936435848e-01
1.222482896932341467e-01
3.448410428000479033e-01
4.505427740449604035e-01
3.634034903337651778e-01
-1.794010273348727869e-01
-6.225970513355955083e-01
-1.004103028781584861e+00
1.854033492643339498e+00
-8.869157131126310933e-02
2.851869945274997376e-01
-1.225565154042806415e-01
3.386377712438638499e-01
-8.720434205474883460e-02
6.012946261250624591e-01
-8.630167242124050508e-01
-2.920864084525292559e-01
8.849178888772901708e-04
-9.842610033513964352e-01
-6.515558947058602834e-01
1.228327201714084493e-01
3.334200124755377637e-01
-5.162785829526125303e-01
-4.152305642711171668e-02
-4.547460978154844735e-01
6.502680870874355534e-02
-1.304829608225081539e-01
-2.874020939947909969e-01
-4.079044055445646966e-01
-4.257017660799264913e-01
6.549114246316701804e-01
1.627647799027580333e-01
1.747988912001059714e-02
-4.712677084734472333e-01
-4.646696597854302890e-01
1.104516957154690338e-01
4.098064966895587635e-01
5.463597307477203735e-01
-3.177972872916405844e-01
9.013163828469479277e-01
5.766373954979981953e-01
4.386800832778839365e-01
-6.723009175667301607e-01
4.751431789987977106e-01
7.085633757434482705e-02
-5.569218258636658980e-01
-3.467174937999827067e-02
-7.352558879776183165e-02
7.036262942000037768e-01
3.404246987844012917e-01
-2.781615018346554336e-01
8.944853273444752784e-02
1.558316519867373406e+00
-8.075346035867420058e-02
-2.398783071953606294e-01
-4.375839621351241826e-01
2.937159571503047406e+00
5.302481764836307621e-01
3.037847979508469520e-01
-6.901033034202435079e-01
1.123669810921161138e+00
-9.661022179443040647e-01
-2.108307199739617444e-03
-5.125868082236046952e-01
-3.071096407949290841e-01
5.780414082215457050e-01
-7.931200305164514130e-01
-3.180602529637135967e-01
-2.668988993279042821e-01
2.168996315782199535e-01
-6.906163007386403874e-02
1.918108239329110010e+00
4.188244950342148165e+00
-8.690691171548474703e-01
-2.569736882927328159e-01
6.295347523467080542e-02
1.369819044214577453e-01
-5.531893618168511884e-01
-4.761869173663025867e-01
-8.851692583766996858e-01
6.735808910833655794e-02
1.771897141476782567e-01
-8.037757207418343430e-01
-4.366462513849458382e-01
6.122642220266718560e-01
2.722724696932506960e-01
-4.575038915042371479e-01
3.881326221890079253e+00
-1.312539092436598165e-01
3.393048450287047269e-01
1.855147627615740258e-01
8.846216704143274046e-02
1.375982380955641238e-01
-1.860557796802917441e-01
-1.582095748780875111e-01
-3.686341709580930326e-01
-4.209977667219340636e-01
3.413960042883606993e-01
1.205401742257842523e-01
-8.174652688676431467e-01
-9.607308623256016755e-01
5.166971385512150738e-02
3.460324130171229751e+00
-3.523410894390936465e-01
-4.929082723893283835e-01
3.389308675608548316e-01
2.850309292245729598e-01
4.257030515701985429e+00
3.689264936009272855e+00
7.254009990233087901e-01
-4.561790551676017103e-01
-3.858456914243479363e-01
5.752884162323194106e-01
1.338143770039068370e+00
-8.256107594027245478e-01
1.708877365323356323e-01
3.560725633880942320e-01
-1.711259576359806522e-01
4.179016187623436629e-01
1.048908064292385645e-01
-4.366218113734632311e-02
-3.730710157394756532e-01
-1.047167609127179072e-01
3.857643793428781887e-02
-4.490651387122555072e-01
6.752839944941182448e-01
-2.046903537280574392e-01
4.575332450611818147e-01
-1.422967542318696599e-01
-4.540658983731823417e-01
1.996472620039439483e-01
1.539154736603445539e-01
2.488871418681894099e+00
5.869599930200137816e-01
3.611606105228574837e+00
-6.938729897407949210e-01
3.408179342442377635e+00
6.241299117944876934e-02
2.713012286857596767e-01
-8.920456191378878241e-05
4.127194001409170809e+00
1.518283850042980498e+00
3.950092522130172146e+00
2.718652080354644340e-01
3.673665825743643421e+00
3.054912546581743715e+00
-8.159159490879102083e-01
1.847789330562517873e-01
-5.921643848922891751e-01
8.791578417273492041e-02
-1.924331025361889491e-01
4.325770655906973072e-01
3.883448813752328643e+00
3.075392074403685005e-01
2.847136931185122455e-01
-1.325201642687200976e-01
-7.496183915604323067e-01
2.028470516400555645e-01
-5.029558866207354262e-01
9.180760690946856983e-02
-3.961805173839509919e-01
-5.839019504552974693e-01
-3.677105828375041296e-01
2.208125970870911114e-02
3.319184392212845225e+00
-7.624495203163441648e-01
-4.475652826256895089e-01
-1.322826524131163195e+00
-1.727132130641605423e-01
3.050290640879608883e+00
-3.788129088089261520e-01
3.052515941627850005e+00
2.201192894670302436e-01
3.608980089768631938e-01
3.627314069298282373e+00
3.628060864159405430e+00
4.290568296112616808e-01
-6.659386505058688677e-01
-7.268777553338005015e-01
-3.419509634668235210e-01
3.769020703518403681e-01
-7.163743123534981327e-01
2.465590121281755476e-01
-6.146723499981792127e-01
4.006020939505834377e+00
-2.909536586357754917e-01
-1.729910625363030863e-01
1.814888159207587170e-01
1.580363035569547214e-01
2.226689705982652923e-01
-7.672431327476522123e-01
1.041824187067105889e+00
4.001860773502153634e+00
8.690333029765675565e-01
-2.173784250671204066e-01
7.926467351300731101e-01
1.373492687181052108e-01
-3.935110796766428942e-01
-3.480752181394106692e-01
-4.249038906953112038e-02
-6.269684323504461920e-01
3.795048478310693252e+00
-6.388916191050433846e-02
7.690604399189224227e-02
4.157964816004925956e-01
-1.067378495459316845e+00
-2.711089237275615127e-01
-2.012680311386136622e-01
2.346931469161997463e-01
1.782821609905793858e+00
-4.742254992733928587e-01
-8.997965115592313629e-03
2.595944253237334465e-01
1.965115031914906885e+00
-5.103159191250175031e-01
3.889488161611490913e+00
-3.482542697721011660e-01
5.768711104711390925e-02
-1.887191893065334469e-01
4.048308461648470136e+00
9.846309094663496797e-03
9.910163573918018276e-02
-5.254032362009112278e-01
3.269827195363909644e-01
3.708926078516402991e-01
3.873299684326349190e+00
9.158762236315523553e-02
3.876693268241377943e-01
3.057510632960692920e+00
6.243948317863234898e-01
6.616670683113232143e-02
3.426402249879703099e+00
-4.377042384260128594e-01
-1.237600861170137512e-01
2.960642451114921525e-01
-4.732672789833795024e-01
6.798434620102729031e-01
-5.311158119244284437e-02
8.049539475600824279e-01
4.838455397540664116e-01
5.109843767800120728e-01
-9.810597759255212935e-01
1.365546937375346492e-01
-1.644499446513228436e-01
-4.573122673377762459e-01
2.511200502476502727e+00
3.078262780944974741e-01
3.701198240152901775e+00
-8.375330863188953368e-01
-4.733529912722601041e-01
-2.804202664346890916e-01
3.922093872653552804e+00
4.791214531716592728e-01
1.232862284780649187e-01
2.494493582610097793e-01
-1.215682856174581106e-01
3.459986902248713969e-01
1.683266519153020502e-02
1.859125225021553418e-01
-6.411390244646901770e-01
3.692867192191859438e+00
-9.005916752702707306e-01
3.463677516351100660e+00
3.511234751034573165e+00
2.541128777948955975e+00
3.556447238709628422e+00
-2.575258750478442993e-01
3.502442833418887291e-01
-9.190170958088385023e-01
4.041966263406514770e+00
2.135753282191056035e-01
1.369633469829439676e+00
-5.471203718956676454e-01
-3.522720022969168530e-01
-2.008677946007215165e-01
-3.576390357837863077e-01
4.442121477480019953e-01
-3.884892771833262648e-01
-1.908117833516394246e-01
3.300700193818693506e+00
2.793514416220643781e-01
4.761018561965559837e-01
-6.842878076605402038e-02
2.819290194360039248e+00
4.848633897137077930e-03
3.029092930786222215e+00
-4.928978545519783205e-01
-7.251736688781149076e-02
-3.352077546952227927e-01
3.517748394202199758e-01
1.855793205944381574e-01
-6.479311872035732611e-02
-1.148447301222590866e+00
1.652433246175692982e+00
1.244888089577931845e-01
3.562566041477889911e+00
1.339918724912722015e-01
-3.085648503461222436e-01
3.958296044122636470e+00
3.061380708082761526e-01
2.293871330254802499e-01
-2.269593263799775940e-01
-4.831827603698368723e-01
4.869426962250131830e-01
-7.994029845310454130e-01
-3.835487570027726889e-01
1.962971291838074839e-01
8.647260830287529787e-01
-9.362103766614385258e-02
5.546638347698219784e-02
3.273192431289706494e-03
1.305105629676051593e-01
-4.259464941927685322e-01
7.037772146375415039e-01
-3.347430845598781124e-02
-8.007252719689126330e-01
1.036117823768000878e+00
-2.954474224577258723e-01
1.241910994443067850e-01
-3.563317044468893302e-01
-5.266285601649420833e-01
3.090523153693116587e+00
3.106477113076385521e+00
-1.229708904664018193e-01
4.104140848239888228e+00
-4.046110134513397627e-01
-3.085239546404402455e-01
4.156781911238897065e-01
-1.074769588767837680e-02
6.234119482385054312e-01
1.348183789206275129e+00
4.262475604842463905e-02
3.563995007658340430e-01
6.740019253675183508e-02
3.052293229855291834e-01
6.520169868324322549e-01
-2.129388067298471077e-02
9.513504834897990037e-02
2.037171676827993494e-01
2.426842212186168524e-01
2.793980714911399321e-01
6.942038288623294529e-01
-3.021535894381751630e-01
-5.143010720621969956e-01
8.351588133005629633e-01
1.011013645452084747e-01
1.642039684497098584e-01
-7.360573704587749511e-01
-1.553284147125456593e-01
-8.332354492480892327e-01
4.035263194452053170e+00
3.731631432526498759e-01
-8.530998250089549817e-02
-1.610389704303950842e-01
-6.756576901256658996e-01
5.308241682638924902e-02
-5.907038121758246829e-01
2.540127050478839354e+00
-1.526641286348149051e-01
-9.788894727900807613e-01
3.480301491004486047e-01
1.261497884443507078e-01
4.035716673119607023e+00
3.051930046703879462e+00
-1.748076204245612164e-01
-2.349521073033337959e-01
3.664274545945751083e+00
-1.672702329408951583e-01
4.579140946534987489e-02
-9.577166575681412830e-01
-1.346363132189998257e-04
8.616968333742924813e-03
9.479777142566835346e-01
1.887788592935882859e-01
-4.488329324031807843e-01
9.284453336758846653e-01
3.655410612071764653e+00
-6.186349431498945339e-01
-4.825111648826871935e-01
3.262081534918241654e-02
